0.000000 0.000000 0.000000 0.000000 0.000000 0.000000
0.000000 0.000000 0.000000 0.000000 0.000000 0.000000
0.000000 0.000000 0.000000 0.000000 0.000000 0.000000
0.000000 0.000000 0.000000 0.000000 0.000000 0.000000
0.000000 0.000000 0.000000 0.000000 0.000000 0.000000
0.000000 0.000000 0.000000 0.000000 0.000000 0.000000
0.000000 0.000000 0.000000 0.707529 0.699697 -0.099128
0.000000 0.000000 0.000000 0.823684 -0.008969 -0.566978
0.000000 0.000000 0.000000 -0.476919 -0.146600 0.866636
0.000000 0.000000 0.000000 0.808232 0.565702 -0.163532
0.000000 0.000000 0.000000 0.940378 -0.026943 0.339062
0.000000 0.000000 0.000000 -0.941740 -0.305598 0.140483
0.000000 0.000000 0.000000 0.083171 -0.985995 0.144554
0.000000 0.000000 0.000000 -0.945351 0.129178 -0.299374
0.000000 0.000000 0.000000 0.985714 0.022606 0.166902
0.000000 0.000000 0.000000 -0.359234 0.065802 -0.930925
0.000000 0.000000 0.000000 0.084177 -0.627505 0.774049
0.000000 0.000000 0.000000 0.307389 -0.594299 0.743183
0.000000 0.000000 0.000000 0.251697 -0.709748 -0.657956
0.000000 0.000000 0.000000 0.265385 0.963508 0.034975
0.000000 0.000000 0.000000 -0.524321 0.819197 -0.232388
0.000000 0.000000 0.000000 0.525915 0.748176 -0.404533
0.000000 0.000000 0.000000 0.160144 -0.074776 -0.984257
0.000000 0.000000 0.000000 0.408354 -0.840090 -0.357065
0.000000 0.000000 0.000000 -0.814245 0.450832 -0.365726
0.000000 0.000000 0.000000 0.897388 -0.385496 0.214681
0.000000 0.000000 0.000000 -0.110150 0.806710 0.580590
0.000000 0.000000 0.000000 -0.930310 -0.152949 0.333360
0.000000 0.000000 0.000000 -0.482603 0.804370 -0.346532
0.000000 0.000000 0.000000 -0.089751 0.878600 0.469048
0.000000 0.000000 0.000000 0.043174 -0.791638 -0.609464
0.000000 0.000000 0.000000 0.543825 -0.176330 -0.820464
0.000000 0.000000 0.000000 -0.324139 -0.901829 -0.285723
0.000000 0.000000 0.000000 0.796217 0.223207 0.562332
0.000000 0.000000 0.000000 0.183162 -0.087471 -0.979184
0.000000 0.000000 0.000000 0.702533 0.391248 -0.594451
0.000000 0.000000 0.000000 -0.962017 -0.187613 -0.198303
0.000000 0.000000 0.000000 0.220928 -0.849732 -0.478692
0.000000 0.000000 0.000000 -0.685970 -0.646631 0.333637
0.000000 0.000000 0.000000 0.983414 -0.179598 -0.025309
0.000000 0.000000 0.000000 0.880931 -0.385067 -0.275107
0.000000 0.000000 0.000000 0.427182 -0.817087 0.387150
0.000000 0.000000 0.000000 0.454651 -0.861204 -0.227202
0.000000 0.000000 0.000000 0.829731 -0.523096 0.194724
0.000000 0.000000 0.000000 -0.289660 0.853020 -0.434113
0.000000 0.000000 0.000000 0.310012 0.685177 -0.659109
0.000000 0.000000 0.000000 -0.062092 -0.890459 0.450807
0.000000 0.000000 0.000000 -0.874258 0.484408 0.031954
0.000000 0.000000 0.000000 -0.671087 0.716342 0.191039
0.000000 0.000000 0.000000 0.975186 0.124840 0.182831
0.000000 0.000000 0.000000 -0.245906 -0.890401 -0.383036
0.000000 0.000000 0.000000 -0.910644 0.158209 -0.381704
0.000000 0.000000 0.000000 0.011344 0.279735 -0.960010
0.000000 0.000000 0.000000 -0.191369 0.895767 0.401223
0.000000 0.000000 0.000000 -0.525739 0.569183 0.632162
0.000000 0.000000 0.000000 0.346020 -0.860138 -0.374744
0.000000 0.000000 0.000000 0.792979 -0.568821 0.218234
0.000000 0.000000 0.000000 -0.964614 0.196211 -0.176127
0.000000 0.000000 0.000000 -0.432809 0.685595 -0.585352
0.000000 0.000000 0.000000 0.923073 0.155060 -0.351985
0.000000 0.000000 0.000000 0.978196 -0.206544 -0.021738
0.000000 0.000000 0.000000 -0.909648 0.409370 -0.070404
0.000000 0.000000 0.000000 0.414912 0.862176 -0.290691
0.000000 0.000000 0.000000 -0.432620 -0.880272 -0.194835
0.000000 0.000000 0.000000 0.656090 -0.738041 -0.157612
0.000000 0.000000 0.000000 0.029916 0.418607 -0.907675
